camera_matrix:
- [1153.9609319940153, 0.0, 669.7053569358167]
- [0.0, 1148.0249559690362, 385.6562344623297]
- [0.0, 0.0, 1.0]
dist:
- [-0.24101795642863383, -0.053072117261989196, -0.0011581035516351583, -0.00012831885625817435,
  0.026712529023573805]
rms: 1.1868973603423718
